314	324	211	211	273	277	160	160	264	264	261	261	251	251	0	0	182	182	264	264	160	160	225	234	294	294	164	164	260	260
314	324	211	211	273	273	0	0	0	0	0	0	251	251	273	273	180	180	264	264	157	157	225	234	294	294	164	164	260	260
314	329	211	211	273	277	160	160	264	264	258	258	251	251	0	0	180	180	264	264	157	157	225	234	294	294	164	164	257	257
314	324	211	211	273	277	160	160	264	264	258	258	251	251	258	261	180	180	264	264	157	157	225	234	294	294	164	164	260	272
309	319	211	211	273	277	160	160	264	264	261	261	251	251	0	0	180	180	264	264	157	157	225	234	294	294	164	164	263	263
314	324	211	211	273	277	160	160	264	264	258	258	251	251	258	261	180	186	264	264	157	157	225	234	294	294	164	164	260	275
314	319	217	217	273	277	160	160	264	264	261	261	251	251	258	261	182	182	264	264	160	160	225	234	294	294	164	164	260	260
314	324	211	211	273	277	160	160	264	264	258	258	251	251	261	261	182	182	264	264	157	157	225	225	294	294	164	164	260	260
314	324	211	211	273	273	160	160	264	264	261	261	251	251	261	270	180	180	264	264	157	157	225	225	294	294	164	164	260	260
314	324	217	217	273	277	160	160	264	264	258	258	251	251	261	270	182	188	264	264	157	157	225	225	294	294	164	164	260	272
314	324	211	211	273	277	160	160	264	264	261	261	248	248	261	270	184	184	267	267	157	157	225	225	294	294	164	164	260	260
309	319	211	211	273	277	160	160	264	264	261	261	248	248	261	270	180	186	264	264	157	157	225	225	294	294	164	164	257	257
314	324	217	217	273	277	160	160	264	264	258	258	251	251	261	270	182	182	264	264	160	160	225	225	294	294	170	170	260	260
309	319	211	211	273	277	160	160	264	264	261	261	251	251	261	270	182	188	267	267	157	157	225	225	294	294	164	164	257	257
309	319	211	211	273	273	160	160	264	264	258	258	251	251	261	261	180	180	267	267	160	160	225	225	294	294	164	164	257	257
314	324	211	211	273	277	160	163	264	264	261	261	251	251	261	261	180	188	264	264	160	160	225	225	294	294	164	164	257	257
309	319	211	211	273	273	160	160	264	264	261	261	248	248	261	261	180	180	264	264	157	157	225	225	294	294	164	164	257	257
309	319	217	217	273	277	160	160	264	264	261	261	248	248	261	261	180	180	264	264	157	157	225	225	294	294	164	164	257	257
314	324	211	211	273	277	160	160	264	264	258	258	251	251	261	270	182	182	264	264	160	160	225	225	294	294	164	164	257	257
309	319	211	211	273	277	160	160	264	264	258	258	248	248	261	261	180	186	267	267	0	0	225	225	294	294	164	164	260	260
314	324	211	211	273	277	160	160	264	264	261	261	251	251	261	261	180	180	267	267	157	157	225	225	294	294	164	164	260	260
309	319	211	211	273	277	160	160	264	264	258	258	248	248	0	0	180	180	264	264	157	157	225	225	294	294	164	164	260	260
309	319	211	217	269	273	160	160	267	273	261	261	254	272	258	261	182	186	264	264	160	160	225	234	294	294	152	152	260	263
309	319	217	217	273	273	160	160	264	273	261	261	254	272	258	261	186	186	264	264	157	157	225	225	294	294	152	152	257	263
309	319	211	217	0	0	160	160	264	273	261	261	254	269	258	261	186	186	264	264	157	157	225	234	294	294	152	152	257	263
309	319	217	217	269	273	160	160	267	276	258	258	254	269	258	261	186	186	264	264	157	157	225	234	294	294	152	152	251	254
309	319	217	217	269	273	160	160	264	273	261	261	254	272	258	261	186	186	264	264	157	157	225	234	294	294	152	152	260	263
309	319	211	217	269	273	160	160	267	276	261	261	254	269	258	261	186	186	264	264	157	157	225	234	294	294	152	152	260	263
309	319	211	217	0	0	160	160	264	273	261	261	254	272	258	261	186	186	264	264	157	157	225	234	294	294	152	152	260	263
309	319	211	217	269	273	160	160	258	267	261	261	254	272	258	261	184	184	264	264	157	157	225	234	294	294	152	176	263	263
309	319	211	217	269	273	160	160	267	273	258	258	254	269	258	261	184	184	267	267	157	157	225	234	294	294	152	176	263	263
309	319	217	223	269	273	160	160	264	273	261	261	254	272	258	261	182	186	264	264	160	160	225	234	294	294	152	152	260	263
309	319	211	211	273	277	160	160	264	264	261	261	248	248	261	261	180	180	261	261	157	157	225	225	294	294	176	194	260	272
314	324	211	211	273	277	160	160	264	264	258	258	251	254	261	261	180	184	264	264	160	160	225	225	294	294	170	170	263	263
314	329	211	211	273	277	160	160	267	267	258	258	251	251	261	261	180	180	264	264	157	157	225	225	294	294	176	176	257	257
309	319	211	211	273	277	160	160	264	264	258	258	251	251	261	261	182	182	264	264	157	157	225	225	294	294	176	176	257	269
309	319	211	211	273	277	160	160	264	264	258	258	251	251	261	261	180	180	264	264	160	160	225	225	294	294	170	170	263	263
309	319	211	211	273	277	160	160	264	264	261	261	251	251	261	261	180	180	264	264	157	157	225	225	294	294	170	170	263	263
309	319	211	211	273	277	160	160	264	264	261	261	251	251	261	261	180	180	267	267	157	157	225	225	294	294	170	170	263	263
314	324	217	217	273	277	160	160	264	264	258	258	251	254	261	261	182	182	264	264	160	160	225	225	294	294	176	176	257	272
314	324	211	211	273	277	160	160	264	264	261	261	251	251	261	270	182	182	264	264	157	157	225	225	294	294	176	194	263	275
314	324	211	211	273	277	160	160	264	264	258	258	251	251	261	270	182	186	0	0	157	157	225	225	294	294	176	176	257	269
314	324	217	217	273	277	160	160	264	264	261	261	251	251	261	270	182	186	264	264	157	157	225	225	294	294	176	176	266	266
314	324	211	211	273	277	160	160	264	264	261	261	251	251	261	270	180	180	264	264	157	157	225	225	294	294	170	170	263	263
309	324	211	211	273	273	160	160	264	264	261	261	251	251	261	270	182	186	267	267	160	160	225	225	294	294	182	182	257	257
309	324	211	211	273	277	160	160	264	264	258	258	251	251	261	270	180	180	264	264	157	157	225	225	294	294	170	170	263	263
309	324	211	211	273	277	160	160	264	264	258	258	260	260	261	270	180	180	264	264	160	160	225	225	294	294	182	182	263	263
314	324	211	211	273	277	160	160	264	264	258	258	251	251	261	270	180	180	264	264	157	157	225	225	294	294	170	170	257	269
309	319	211	211	273	277	160	160	264	264	258	258	248	248	261	270	180	180	267	267	157	157	225	225	294	294	182	182	257	257
314	324	211	211	273	277	160	160	264	264	261	261	248	248	261	270	180	180	267	267	157	157	225	225	294	294	182	182	263	263
314	324	211	211	273	277	160	163	264	264	258	258	251	251	261	270	180	180	267	267	157	157	225	225	294	294	182	182	257	269
309	319	211	211	273	277	160	166	264	264	258	258	251	251	261	270	180	180	264	264	157	157	225	225	294	294	170	170	263	263
309	319	211	211	273	277	160	160	264	264	258	258	251	251	261	270	180	180	267	267	157	157	225	231	294	294	182	182	257	269
309	324	211	211	273	277	160	163	264	264	258	258	251	251	261	270	182	182	264	264	157	157	0	0	294	294	182	182	257	269
309	319	211	211	273	277	160	160	264	264	261	261	251	251	264	270	180	180	264	264	157	157	225	231	294	294	182	182	260	260
309	319	211	211	273	277	160	160	264	264	264	264	248	248	261	270	180	180	264	264	157	157	225	225	294	294	170	170	260	260
314	324	211	211	273	277	166	166	264	264	261	261	251	251	261	261	180	184	264	264	157	157	225	225	294	294	170	170	260	260
314	324	211	211	273	277	160	160	264	264	261	261	248	254	261	270	180	180	264	264	157	157	225	225	294	294	170	170	257	269
314	324	211	211	273	277	160	163	264	264	261	261	251	251	261	270	180	184	264	264	157	157	225	225	294	294	170	170	257	269
309	319	211	211	273	277	160	160	264	264	261	261	251	251	261	270	182	182	264	264	157	157	225	225	294	294	170	170	257	269
314	324	211	211	273	277	160	160	264	264	258	258	248	248	261	270	180	180	264	264	157	157	225	225	294	294	170	170	257	269
309	319	211	211	273	277	160	160	264	264	258	258	251	251	261	270	180	180	264	264	157	157	225	225	294	294	170	170	257	269
309	319	211	211	273	277	160	160	264	264	258	258	248	248	261	270	182	182	264	264	157	157	225	231	294	294	170	170	263	263
309	319	211	211	273	277	160	163	264	264	261	261	248	248	261	270	182	182	267	267	160	160	225	225	294	294	170	170	257	257
314	324	211	211	273	277	160	163	264	264	261	264	251	251	261	270	180	184	264	264	157	157	225	225	294	294	170	176	257	257
314	324	211	211	273	277	160	163	264	264	264	264	248	248	261	270	180	180	264	264	160	160	231	231	294	294	176	176	257	257
314	324	211	211	273	277	160	163	264	264	258	258	251	251	261	270	180	184	264	264	157	157	225	225	294	294	170	170	257	257
314	319	211	211	273	277	160	160	264	264	261	261	251	251	261	270	178	178	270	270	157	157	231	231	294	294	170	170	260	260
309	319	211	211	273	277	160	160	264	264	264	264	248	248	261	270	180	184	264	264	157	157	225	225	294	294	170	170	257	269
309	319	211	211	273	277	160	160	264	264	264	264	251	251	261	270	182	182	267	267	157	157	225	225	294	294	170	170	260	272
309	319	211	211	273	277	160	160	264	264	261	261	251	251	261	270	182	186	267	267	157	157	231	231	294	294	170	170	257	272
309	319	211	211	273	277	160	160	264	264	261	261	251	251	261	270	182	182	267	267	160	160	225	225	294	294	170	170	260	272
314	324	211	211	273	277	160	160	264	264	264	264	251	251	261	270	182	182	267	267	157	157	225	234	294	294	170	170	257	272
309	319	211	211	273	277	160	160	264	264	264	264	248	248	261	270	182	186	267	267	157	157	225	225	294	294	170	170	257	272
309	319	211	211	273	277	160	160	264	264	264	264	251	251	261	270	180	180	267	267	157	157	0	0	294	294	170	170	257	272
309	319	211	211	273	277	160	160	264	264	264	264	251	251	261	270	180	186	264	264	157	157	225	234	294	294	170	170	257	269
309	319	211	211	273	277	160	160	264	264	261	261	251	251	261	270	180	180	270	270	157	157	225	225	294	294	170	170	260	272
309	319	211	211	273	277	160	160	264	264	261	261	251	251	261	270	180	180	267	267	160	160	225	234	294	294	170	170	260	272
309	319	211	211	269	273	160	160	267	273	261	261	254	254	258	261	182	186	264	264	157	157	225	234	294	294	152	176	260	263
314	324	211	211	269	273	160	160	267	273	261	261	254	254	258	261	180	186	267	267	157	157	225	225	294	294	152	176	260	263
309	319	211	211	269	273	160	160	267	273	261	261	254	254	258	261	182	186	264	264	157	157	225	234	294	294	152	176	260	266
309	319	211	211	269	273	160	160	264	273	261	261	254	254	258	261	184	188	264	264	157	157	225	234	294	294	152	176	260	266
309	319	211	211	269	269	160	160	264	273	261	261	254	254	258	261	182	186	264	264	157	157	225	234	294	294	152	176	260	266
314	324	211	211	269	273	160	160	267	273	261	261	254	254	258	261	182	186	264	264	157	157	225	234	294	294	152	176	260	263
309	319	211	211	269	273	160	160	267	276	261	261	257	275	258	261	182	186	264	264	157	157	225	234	294	294	152	176	260	263
309	319	211	211	269	273	160	160	267	273	261	261	254	254	258	261	186	186	264	264	157	157	225	234	294	294	152	176	260	263
309	319	211	211	269	273	160	160	264	273	261	261	254	254	258	261	186	186	264	264	157	157	225	234	294	294	158	158	260	263
309	319	211	211	269	273	160	160	264	273	261	261	254	254	261	261	186	186	264	264	157	157	0	0	294	294	158	158	260	263
314	324	211	211	269	273	160	160	264	273	261	261	254	269	0	0	184	184	261	261	157	157	0	0	294	294	176	176	260	266
309	324	211	211	269	273	160	160	267	273	261	261	254	272	268	261	186	186	261	261	157	157	225	234	294	294	176	176	260	263
309	319	211	211	273	273	160	160	264	264	261	261	251	251	261	270	182	188	267	267	157	157	231	231	294	294	176	176	263	263
309	319	211	211	273	273	160	160	264	264	258	258	251	251	261	270	182	188	267	267	163	163	0	0	294	294	176	176	266	266
309	319	211	211	273	273	163	166	264	264	261	261	251	254	261	270	184	184	264	264	157	157	225	225	294	294	176	176	266	266
309	324	211	211	273	273	160	160	267	267	261	261	251	251	261	270	184	184	267	267	157	157	225	231	294	294	176	176	263	263
309	319	211	211	273	273	160	160	264	264	261	261	251	251	261	270	182	182	267	267	157	157	225	231	294	294	176	176	263	263
314	324	211	211	273	273	160	160	264	264	261	261	251	251	261	270	182	188	267	267	157	157	225	225	294	294	176	176	266	266
314	324	205	205	273	277	160	163	264	264	264	264	251	251	261	270	182	182	267	267	157	157	225	225	294	294	176	176	278	278
314	324	205	205	269	269	157	157	264	264	261	261	0	0	261	270	182	182	267	267	160	160	225	225	294	294	176	176	263	263
309	319	205	205	273	277	160	163	264	264	264	264	251	251	261	270	182	188	267	267	157	157	225	225	294	294	176	176	266	266
314	324	205	205	273	277	160	160	264	264	261	261	251	251	261	270	182	188	267	267	157	157	225	225	294	294	176	176	266	266
309	319	205	211	0	0	160	160	264	264	264	264	254	254	261	270	182	182	264	264	157	157	225	225	294	294	152	152	257	257
309	319	205	205	0	0	160	160	264	264	261	261	251	251	261	270	182	188	264	264	157	157	225	225	294	294	176	176	260	269
309	319	211	211	273	273	160	160	267	267	264	264	251	251	261	270	182	182	264	264	157	157	225	225	294	294	152	152	257	257
314	324	205	205	269	273	160	160	267	276	261	261	254	272	258	261	182	186	264	264	157	157	225	225	294	294	152	152	260	263
314	324	211	211	0	0	160	160	264	264	261	261	251	251	258	261	182	186	264	264	157	157	225	225	294	294	176	176	257	257
309	319	205	205	269	273	160	160	264	273	264	264	254	272	258	261	182	186	264	264	157	157	225	225	294	294	152	152	260	263
309	319	211	211	0	0	160	160	264	264	264	264	254	254	258	261	182	186	264	264	157	157	225	225	294	294	152	152	257	263
319	324	211	211	0	0	160	160	264	264	0	0	248	248	261	270	182	186	264	264	157	157	225	225	294	294	176	176	260	272
314	324	211	211	265	269	163	166	267	273	264	264	254	272	258	261	184	188	264	264	157	157	225	225	294	294	152	152	263	263
309	319	205	205	265	269	160	160	267	273	261	261	254	272	258	261	182	186	264	264	157	157	225	225	294	294	152	152	260	263
309	319	205	205	273	273	160	160	264	264	261	261	251	251	261	270	180	180	264	264	157	157	225	225	294	294	170	194	257	257
309	319	205	205	273	273	160	160	264	264	261	261	251	251	261	270	180	180	264	264	157	157	225	225	294	294	170	194	260	272
309	319	205	205	273	273	160	160	264	264	261	261	248	248	261	270	182	182	264	264	157	157	225	225	294	294	170	194	263	272
314	324	211	211	273	273	160	163	264	264	261	261	251	251	261	270	182	182	264	264	157	157	225	225	294	294	170	194	257	272
314	324	211	211	273	273	160	160	264	264	264	264	251	251	261	270	182	182	264	264	160	160	225	225	294	294	170	194	263	275
314	324	205	205	273	273	160	160	264	264	258	258	251	251	261	270	182	182	264	264	157	157	225	225	294	294	170	194	260	272
309	309	211	211	265	273	160	160	264	264	261	261	251	251	261	270	182	182	267	267	160	160	225	225	294	294	170	194	260	272
314	324	205	205	265	273	160	160	264	264	261	261	251	251	261	270	182	182	264	264	157	157	225	225	294	294	170	194	257	269
309	309	211	211	265	273	160	160	264	264	261	261	251	251	261	270	182	182	267	267	160	160	225	225	294	294	170	194	260	272
314	324	205	205	265	273	160	160	264	264	261	261	251	251	261	270	182	182	264	264	157	157	225	225	294	294	170	194	257	257
309	309	205	205	265	273	160	163	264	264	261	261	251	251	261	270	180	180	264	264	157	157	225	225	294	294	170	194	257	257
309	309	205	205	273	273	160	160	264	264	261	261	251	254	261	270	180	180	264	264	157	157	225	225	294	294	170	194	257	257
309	319	205	205	265	273	160	160	264	264	261	261	251	251	261	270	180	180	267	267	160	160	225	225	294	294	170	182	260	272
309	319	205	205	265	273	160	160	264	264	261	261	251	251	261	270	180	180	264	264	157	157	225	225	294	294	170	194	257	272
309	319	211	211	265	273	160	160	264	264	261	261	251	251	261	261	180	180	264	264	157	157	225	225	294	294	176	188	257	272
309	319	205	205	265	273	160	160	264	264	261	261	251	251	261	270	180	180	264	264	157	157	225	225	294	294	176	188	260	272
314	324	211	211	265	273	160	160	264	264	261	261	251	251	261	270	182	182	264	264	157	157	225	225	294	294	176	188	260	272
314	324	205	205	265	273	160	160	264	264	261	261	251	251	261	270	182	182	264	264	160	160	225	225	294	294	176	188	257	272
314	324	211	211	273	273	160	160	264	264	261	261	248	248	261	270	180	180	264	264	157	157	225	234	294	294	170	170	257	263
314	324	205	205	265	273	160	160	264	264	261	261	251	251	261	270	182	182	267	267	157	157	225	225	294	294	170	170	257	272
309	319	211	211	273	273	160	160	264	264	264	264	251	251	261	270	182	182	264	264	160	160	225	225	294	294	170	170	260	272
314	324	205	205	273	273	160	160	264	264	261	261	251	251	261	270	182	182	264	264	157	157	225	225	294	294	170	170	257	272
309	319	211	211	265	273	163	163	264	264	264	264	251	251	261	270	182	182	264	264	157	157	225	225	294	294	164	164	257	269
304	314	205	211	269	273	160	160	264	264	264	264	254	254	261	270	182	182	267	267	157	157	225	225	296	300	158	158	257	257
304	314	199	211	269	269	160	160	264	264	264	264	254	254	261	270	180	180	267	267	157	157	225	225	296	300	158	158	257	257
304	314	211	211	269	269	160	160	264	264	264	264	254	254	261	270	182	182	267	267	157	157	225	225	296	300	158	158	257	257
299	309	199	199	265	269	160	160	264	264	264	264	254	254	261	270	182	186	264	264	157	157	225	225	300	300	158	176	257	257
299	309	205	205	265	265	160	160	264	264	264	264	254	254	261	270	182	182	267	267	160	160	225	225	296	300	158	176	260	260
299	309	205	205	265	265	160	160	0	0	264	264	254	254	261	270	180	180	264	264	160	160	225	225	296	300	158	176	257	257
299	309	211	211	261	269	160	160	264	264	264	264	254	254	261	270	182	186	264	264	160	160	225	225	0	0	158	176	260	260
299	309	217	217	265	265	160	163	264	264	258	267	254	254	261	270	182	182	267	267	157	157	225	225	306	308	158	158	263	263
299	309	199	217	265	265	160	160	264	264	255	264	254	254	261	270	182	182	270	270	157	157	225	225	296	308	164	164	266	266
299	309	217	217	265	265	160	160	264	264	264	264	254	254	261	270	180	180	267	267	157	157	225	225	312	312	158	158	257	257
304	314	211	211	265	265	160	160	264	264	258	267	254	254	261	270	182	182	267	267	160	160	225	225	296	308	158	158	263	263
304	314	211	211	265	265	160	160	264	264	264	264	254	254	261	270	180	180	267	267	160	160	225	225	296	308	158	158	260	260
299	309	217	217	265	265	160	160	264	264	264	264	254	254	261	270	182	182	267	267	160	160	225	225	296	296	158	158	263	263
299	309	211	211	265	265	160	160	264	264	267	270	254	254	261	270	180	180	270	270	157	157	225	225	296	308	182	182	260	260
304	314	217	217	265	265	160	163	264	264	258	267	254	254	261	270	184	184	270	270	157	157	225	225	0	0	158	158	263	263
304	319	199	217	265	273	160	163	264	264	264	264	254	254	261	270	182	182	267	267	157	157	225	225	296	308	158	158	263	263
304	314	211	211	265	265	160	160	264	264	264	264	254	254	261	270	182	182	267	267	160	160	225	225	296	308	164	164	263	263
299	309	211	211	0	0	160	160	267	267	264	264	0	0	261	270	186	186	267	267	157	157	225	225	296	300	164	164	263	263
304	314	193	217	265	269	160	160	264	264	264	264	254	254	261	270	186	186	267	267	157	157	225	225	296	300	164	164	263	263
304	314	193	217	265	269	160	160	264	264	267	267	254	254	261	270	182	182	267	267	157	157	225	225	296	300	164	164	263	263
299	309	193	211	265	269	160	160	264	264	264	264	254	254	261	270	182	182	267	267	160	160	225	225	296	300	164	164	263	263
299	309	211	211	265	269	160	160	267	267	264	264	254	254	261	270	182	182	267	267	160	160	225	225	0	0	164	164	257	263
299	309	193	211	265	265	160	163	264	264	264	264	254	254	261	270	182	182	267	267	160	160	225	225	296	300	158	158	263	263
304	314	211	211	0	0	160	160	267	267	264	264	254	254	261	270	182	182	267	267	157	157	225	225	296	300	158	158	257	257
304	314	193	211	0	0	160	160	264	264	264	264	254	254	261	270	182	182	267	267	157	157	225	225	296	300	176	176	263	263
294	309	205	211	0	0	160	160	267	267	264	264	254	254	261	270	184	184	267	267	160	160	225	225	296	300	170	170	260	260
294	309	211	211	265	265	160	160	264	267	264	264	254	254	261	270	182	182	267	267	160	160	225	225	296	300	158	158	260	263
304	314	211	217	0	0	160	160	267	267	267	267	254	254	261	270	182	182	267	267	160	160	225	225	296	300	170	170	263	278
304	314	205	205	265	269	160	163	264	264	264	264	254	254	261	270	182	182	267	267	160	160	225	225	296	300	158	170	260	260
304	314	199	199	265	265	160	160	264	264	264	264	254	254	261	270	180	180	267	267	157	157	225	225	300	300	158	158	260	260
304	314	199	199	265	265	160	163	264	264	264	264	254	254	261	270	182	182	267	267	157	157	225	225	300	300	158	158	257	257
299	309	199	199	265	265	160	163	264	264	261	261	254	254	261	270	182	186	267	267	157	157	225	225	300	300	158	158	257	257
304	314	199	199	265	265	160	160	264	264	258	258	254	254	261	270	182	182	267	267	157	157	225	225	300	300	158	158	257	257
304	314	205	211	265	265	160	160	264	264	264	264	254	254	261	270	180	184	267	267	157	157	225	225	300	300	158	158	257	257
294	314	199	217	265	265	160	160	264	264	264	264	254	254	261	270	180	186	267	267	157	157	225	225	300	300	158	158	257	257
304	314	199	199	265	265	160	160	264	264	267	267	254	254	261	270	182	182	267	267	157	157	225	225	300	300	158	158	257	257
304	314	199	217	265	265	160	160	264	264	264	264	254	254	261	270	182	186	267	267	157	157	225	225	300	300	158	158	257	257
299	309	199	199	269	269	160	160	264	264	264	264	254	254	261	270	180	186	267	267	157	157	225	225	300	300	158	158	248	248
299	309	199	199	0	0	160	160	264	264	267	267	254	254	261	270	184	184	267	267	157	157	225	225	300	300	158	158	257	257
304	314	199	199	265	269	160	163	264	264	264	264	254	254	261	270	184	184	267	267	157	157	225	225	300	300	158	158	257	257
304	314	199	199	265	269	160	160	264	264	264	264	254	254	261	270	184	184	267	267	157	157	225	225	300	300	158	158	257	257
299	309	199	199	0	0	160	160	264	264	264	264	254	254	261	270	182	186	267	267	157	157	225	225	300	300	158	158	257	257
304	314	211	211	0	0	160	160	264	264	264	264	254	254	261	270	180	180	267	267	157	157	225	225	300	300	158	158	257	257
304	314	217	217	0	0	160	163	264	264	267	267	254	254	261	270	182	182	267	267	157	157	225	225	300	300	176	176	257	257
299	309	205	205	0	0	160	160	264	264	264	264	254	254	261	270	182	186	267	267	157	157	225	225	300	300	170	170	257	263
299	309	217	217	265	269	160	160	264	264	264	264	254	254	261	270	182	186	267	267	157	157	225	225	300	300	158	158	257	257
299	309	211	211	0	0	160	160	264	264	264	264	254	254	261	270	182	182	267	267	157	157	225	225	300	300	170	170	263	263
304	314	211	211	265	265	160	160	264	264	264	264	254	254	261	270	180	180	267	267	157	157	225	225	300	300	158	176	257	257
299	309	205	205	265	265	160	160	264	264	264	264	254	254	261	261	182	182	267	267	157	157	225	225	300	300	170	170	263	263
299	309	211	217	265	269	160	163	264	264	264	264	254	254	261	270	182	186	267	267	157	157	225	225	300	300	158	176	257	257
299	309	211	217	265	269	160	160	264	264	264	264	254	254	261	270	182	182	267	267	157	157	225	225	300	300	158	176	257	257
304	314	211	217	265	265	160	163	264	264	264	264	254	254	261	270	180	186	270	270	157	157	225	225	300	300	158	176	257	257
304	314	211	211	265	265	160	160	264	264	264	264	254	254	261	273	182	182	267	267	157	157	225	225	296	300	158	158	257	257
304	314	211	211	265	265	160	160	264	264	264	264	254	254	261	270	180	186	267	267	157	157	225	225	300	300	158	176	257	257
304	314	211	217	265	265	160	160	264	264	264	264	254	254	261	270	182	182	267	267	160	160	225	225	300	300	158	170	263	263
304	314	211	211	265	265	160	160	264	264	264	264	254	254	261	270	182	182	267	267	157	157	225	225	296	300	158	176	257	257
304	314	211	211	265	265	160	160	264	264	264	264	254	254	261	270	184	184	267	267	157	157	225	225	296	300	158	176	257	257
304	314	211	211	265	265	160	163	264	264	264	264	254	254	261	273	180	180	267	267	157	157	225	225	300	300	158	158	257	257
304	314	217	217	265	265	160	160	264	264	264	264	254	254	261	270	182	182	267	267	157	157	225	225	300	300	158	158	260	260
304	309	211	217	265	269	160	160	264	264	264	264	254	254	261	273	180	180	267	267	157	157	225	225	300	300	158	158	257	257
299	309	211	217	265	269	160	163	264	264	264	264	254	254	261	273	182	182	267	267	157	157	225	225	300	300	158	158	257	257
299	309	211	211	265	269	160	160	264	264	264	264	254	257	261	273	182	182	267	267	157	157	225	225	300	300	158	158	260	260
299	309	217	217	265	269	160	163	264	264	264	264	254	254	0	0	180	180	267	267	157	157	225	225	300	300	158	158	257	257
299	309	211	217	265	269	160	163	264	264	264	264	254	254	261	270	182	186	267	267	157	157	225	225	300	300	158	158	257	263
304	309	211	211	265	269	160	163	264	264	264	264	254	254	261	273	180	180	270	270	157	157	225	225	300	300	170	188	257	257
299	309	211	211	265	269	160	163	264	264	264	264	254	257	261	273	182	186	267	267	157	157	225	225	296	300	170	188	257	257
299	309	211	211	265	265	160	160	264	264	264	264	254	260	261	276	182	182	270	270	160	160	225	225	296	300	170	188	260	260
304	314	211	211	265	269	160	160	264	264	264	264	254	257	261	276	180	180	267	267	160	160	225	225	296	300	170	170	257	257
299	309	211	211	265	269	160	160	264	264	264	264	254	254	261	270	182	182	267	267	157	157	225	225	296	300	152	176	257	257
299	309	211	211	265	269	160	160	264	264	264	264	254	254	261	276	182	182	267	267	157	157	225	225	296	300	170	188	257	257
299	309	211	211	265	269	160	160	267	267	264	264	254	254	261	273	182	182	267	267	160	160	225	225	296	300	170	188	257	257
299	309	211	211	265	269	160	160	264	264	264	264	254	254	261	273	182	182	267	267	157	157	225	225	296	300	170	188	257	257
299	299	211	211	265	265	160	160	264	264	264	264	254	254	261	273	182	182	267	267	157	157	225	225	296	300	170	188	260	260
299	299	211	211	265	269	160	160	264	264	264	264	254	257	261	273	182	182	267	267	157	157	225	225	296	300	170	188	257	257
299	309	211	211	265	265	160	160	264	264	264	264	254	257	261	273	186	186	267	267	157	157	225	225	296	300	170	170	260	260
299	309	211	211	265	265	160	160	264	264	264	264	254	254	261	273	182	182	267	267	157	157	225	225	296	300	170	188	257	257
294	304	211	211	265	265	160	160	264	264	261	261	254	254	261	273	182	182	264	264	160	160	225	225	296	300	170	188	254	254
299	309	211	211	265	269	160	160	264	264	264	264	254	254	261	273	182	182	270	270	160	160	225	225	296	300	170	188	266	266
304	314	211	211	269	269	157	163	264	264	264	264	254	257	261	273	182	182	267	267	157	157	225	225	296	300	170	170	257	257
299	309	211	211	261	269	163	163	264	264	264	264	254	254	261	273	182	182	270	270	157	157	216	216	296	296	182	182	257	257
299	309	211	211	261	269	163	163	264	276	264	264	254	254	261	273	182	182	270	270	157	157	216	216	296	300	182	182	257	257
299	309	211	211	261	269	163	163	264	276	264	264	254	254	261	273	186	186	270	270	157	157	216	216	296	300	182	182	257	257
299	309	211	211	261	269	160	160	264	276	264	264	254	254	261	273	180	180	267	267	157	157	216	216	296	300	182	182	257	257
299	309	211	211	261	269	163	163	264	264	264	264	254	254	261	273	180	180	267	267	157	157	216	216	296	300	182	194	257	257
299	309	211	211	269	269	163	163	267	267	264	264	254	254	261	273	180	186	267	267	157	157	216	216	296	300	182	194	260	260
299	309	211	211	269	269	163	163	267	267	264	264	254	254	261	273	180	180	267	267	157	157	216	216	296	300	182	194	260	260
299	309	211	211	269	269	163	163	267	276	264	264	254	254	261	273	180	180	267	267	157	157	216	216	296	300	182	182	260	260
309	319	205	211	265	265	160	160	264	270	264	267	254	260	261	270	186	186	267	267	160	160	225	225	300	306	158	158	260	260
299	309	205	217	265	265	160	160	264	264	267	270	254	260	261	270	182	182	267	267	157	157	225	225	300	300	158	158	257	257
304	304	211	211	265	265	160	160	270	270	267	267	254	254	261	270	180	180	270	270	157	157	225	225	0	0	158	158	245	245
309	319	211	211	265	265	160	160	267	273	264	267	257	260	261	270	182	182	270	270	160	160	225	225	300	306	158	158	260	260
309	319	205	205	265	265	160	160	270	270	267	270	254	260	261	270	180	180	267	267	157	157	225	225	300	308	158	158	263	263
309	319	205	217	265	265	160	160	270	270	267	270	254	260	261	270	184	184	270	270	157	157	225	225	300	300	158	158	257	257
309	319	217	217	265	265	160	160	270	270	267	267	254	254	261	270	182	182	270	270	157	157	225	225	300	306	158	158	260	260
309	319	205	211	265	265	160	160	270	270	267	267	260	260	261	270	182	182	270	270	160	160	225	225	300	306	158	158	260	260
309	319	205	217	269	269	160	160	264	264	267	267	254	260	261	270	182	182	270	270	157	157	225	225	300	306	158	158	257	257
309	319	205	211	265	265	160	160	270	270	267	267	254	260	261	270	182	182	270	270	157	157	225	225	0	0	158	158	260	260
309	319	205	217	265	265	160	160	264	264	267	270	254	254	261	270	182	182	267	267	160	160	225	225	300	300	152	152	260	260
309	319	205	211	265	269	160	160	264	270	267	267	254	254	261	270	180	180	267	267	157	157	225	225	300	300	158	158	257	257
309	319	205	217	269	269	160	160	264	264	264	264	254	254	261	270	184	184	267	267	157	157	225	225	300	300	152	152	257	257
309	319	211	211	265	265	160	160	270	270	267	267	260	260	261	270	182	182	270	270	163	163	225	225	300	300	158	158	260	260
309	319	211	217	265	265	160	160	270	270	267	267	260	260	261	270	180	180	267	267	160	160	225	225	300	300	158	158	260	260
299	309	205	205	265	269	160	160	264	264	264	264	254	254	261	270	180	180	267	267	157	157	225	225	300	300	158	158	257	257
299	299	211	211	269	269	160	160	264	264	264	264	254	254	261	270	182	182	267	267	160	160	225	225	310	310	152	152	260	260
294	294	211	211	269	269	160	160	264	264	267	267	254	254	261	270	180	180	267	267	157	157	225	225	310	310	152	152	257	257
294	294	205	205	265	265	160	160	261	261	261	261	254	254	261	270	182	186	270	270	160	160	225	225	310	310	158	158	260	260
299	309	211	211	269	269	160	160	264	264	261	261	254	254	261	270	182	186	270	270	160	160	225	225	310	310	152	152	257	257
299	309	211	211	265	265	160	160	264	264	264	264	254	254	261	270	182	182	270	270	160	160	225	225	300	300	158	158	257	257
299	309	205	211	269	269	160	160	264	264	264	264	254	254	261	270	182	182	267	267	157	157	225	225	296	300	152	152	257	257
299	309	211	211	269	269	160	160	264	264	264	264	254	254	261	270	182	182	267	267	160	160	225	225	310	310	152	152	257	257
294	309	205	205	269	269	160	160	264	264	264	264	254	254	261	270	180	180	267	267	160	160	225	225	296	300	152	152	260	260
294	294	205	211	265	269	160	160	264	264	264	264	254	254	261	270	182	182	267	267	160	160	225	225	300	310	158	158	257	257
299	309	205	205	265	265	160	160	264	264	264	264	254	254	261	270	182	182	267	267	157	157	225	225	300	300	158	176	257	257
299	309	205	205	265	265	160	163	264	273	264	264	254	260	261	270	182	182	267	267	157	157	225	225	300	300	158	176	257	257
294	309	205	205	265	265	160	160	264	264	264	264	254	257	261	270	182	182	267	267	157	157	225	225	300	300	158	176	257	257
309	319	211	211	265	265	160	160	270	279	267	267	254	254	261	270	182	182	267	267	157	157	225	225	300	300	158	176	260	260
299	309	205	217	265	265	160	160	264	270	267	267	254	260	261	270	180	180	267	267	157	157	225	225	300	300	158	176	257	257
299	309	205	205	265	265	160	160	264	264	264	264	254	257	261	270	180	180	267	267	157	157	225	225	300	300	158	176	257	257
299	309	205	205	265	265	160	160	264	273	264	264	254	254	261	270	180	180	267	267	157	157	225	225	300	300	158	176	257	257
309	319	205	217	265	269	160	160	261	261	267	267	254	260	261	270	182	182	267	267	157	157	225	225	300	300	158	176	257	257
299	309	217	217	265	265	160	160	264	264	264	264	254	254	261	270	184	184	267	267	157	157	225	225	300	300	158	176	266	266
309	319	211	211	265	265	160	160	264	270	267	270	257	263	261	270	182	182	267	267	160	160	225	225	300	300	158	176	257	257
299	309	217	217	265	265	160	160	264	264	264	264	254	260	261	270	182	186	267	267	157	157	225	225	300	300	158	176	257	257
299	309	217	217	265	265	160	160	264	264	264	264	254	254	261	270	182	186	267	267	157	157	225	225	300	300	158	176	257	257
299	309	205	217	265	265	160	160	264	264	264	264	254	254	261	270	182	186	267	267	157	157	225	225	300	300	158	176	257	257
299	309	217	217	265	265	160	160	261	261	261	261	254	254	261	270	182	182	267	267	157	157	225	225	300	300	158	176	257	257
299	309	217	217	265	265	160	160	264	264	264	264	254	254	261	270	180	180	267	267	157	157	225	225	300	300	158	176	260	260
299	309	217	217	265	265	160	160	264	264	264	264	254	254	261	270	182	186	267	267	157	157	225	225	300	300	158	158	257	257
299	309	217	217	265	265	160	160	264	276	264	264	254	254	261	270	182	186	267	267	157	157	225	225	300	300	158	158	257	257
304	314	205	217	265	265	160	160	264	264	264	264	254	260	261	270	182	186	267	267	157	157	225	225	300	300	158	158	257	257
304	314	217	217	265	265	160	160	264	264	264	264	254	257	261	270	182	186	267	267	157	157	225	225	300	300	158	158	257	257
304	309	217	217	265	265	160	160	264	264	264	264	254	254	261	270	182	186	267	267	157	157	225	225	300	300	158	176	257	257
299	309	217	217	265	265	160	160	264	264	264	264	254	254	261	270	182	186	267	267	157	157	225	225	300	300	158	158	257	257
304	309	217	217	265	265	160	160	264	264	264	264	254	254	261	270	182	186	267	267	157	157	225	225	300	300	158	158	257	257
299	309	217	217	265	265	160	160	264	264	264	264	254	254	261	270	182	186	267	267	157	157	225	225	300	300	158	158	257	257
299	309	205	205	265	265	160	160	264	264	264	264	254	260	261	270	182	186	267	267	157	157	225	225	300	300	158	176	257	257
299	309	217	217	265	265	0	0	264	276	264	264	254	254	261	270	182	184	267	267	157	157	225	225	300	300	158	176	257	257
299	309	217	217	265	265	160	160	264	264	264	264	254	254	261	270	182	182	267	267	157	157	225	225	300	300	158	176	257	257
304	314	205	205	265	265	160	160	264	273	264	264	254	254	261	270	182	182	267	267	157	157	225	225	300	300	158	176	257	257
304	314	217	217	265	265	160	160	264	264	264	264	254	254	261	270	180	180	267	267	157	157	225	225	300	300	158	158	257	257
299	309	205	205	265	265	160	160	264	264	264	264	254	254	261	270	182	186	267	267	160	160	225	225	300	300	158	158	257	257
299	309	217	217	265	265	160	160	264	264	264	264	254	254	261	270	182	186	267	267	160	160	225	225	300	300	164	188	254	254
299	309	217	217	265	265	160	160	264	276	264	264	254	254	261	270	178	178	267	267	157	157	225	225	300	300	158	176	257	257
299	309	217	217	265	265	160	160	264	264	264	264	254	254	261	270	182	186	267	267	157	157	225	225	300	300	158	182	257	257
304	314	217	217	265	265	160	160	264	264	264	264	254	254	261	261	182	186	267	267	157	157	225	225	300	300	158	182	260	260
304	314	217	217	265	265	160	160	264	273	261	261	254	254	261	270	182	186	267	267	157	157	225	225	300	300	158	182	257	257
299	309	205	205	265	265	160	160	264	264	264	264	254	254	261	270	182	182	267	267	157	157	225	225	300	300	158	182	257	257
299	309	205	205	265	265	160	160	264	264	264	264	254	254	261	270	182	182	267	267	157	157	225	225	300	300	158	182	257	257
299	309	217	217	265	265	160	160	264	264	264	264	254	254	261	270	180	180	267	267	157	157	225	225	300	300	158	182	257	257
294	309	205	205	265	265	160	160	264	264	264	264	254	254	261	270	182	188	267	267	157	157	225	225	0	0	158	182	257	257
299	309	205	205	265	265	160	160	264	276	264	264	254	254	261	270	182	182	264	264	157	157	225	225	294	294	158	158	260	260
299	309	205	205	265	265	160	160	264	267	264	264	254	254	261	270	182	182	267	267	160	160	225	225	0	0	158	158	257	257
299	309	205	211	265	265	160	160	264	264	264	264	254	254	261	270	182	182	267	267	157	157	225	225	300	300	158	158	263	263
304	314	205	205	265	265	160	163	264	264	264	264	254	254	261	270	182	182	267	267	157	157	225	225	300	300	158	158	257	257
299	309	205	211	265	265	0	0	264	264	0	0	0	0	261	270	184	184	267	267	160	160	225	225	300	300	158	158	257	257
304	314	205	211	265	265	160	160	267	267	264	264	254	254	261	270	182	182	267	267	157	157	225	225	300	300	158	158	260	260
299	309	205	211	265	265	160	163	264	264	264	264	254	254	261	270	182	186	267	267	157	157	225	225	300	300	158	158	260	260
299	309	199	205	265	265	160	160	264	264	264	264	254	254	261	270	182	182	267	267	157	157	225	225	300	300	158	158	263	263
299	309	205	211	265	265	160	160	264	264	264	264	254	254	261	270	182	182	0	0	160	160	225	225	300	300	158	182	266	266
299	309	205	205	265	265	160	163	264	264	264	264	254	254	261	270	182	182	267	267	157	157	225	225	300	300	158	182	260	281
304	314	211	211	265	265	160	163	264	267	264	264	254	260	0	0	182	186	267	267	157	157	225	225	0	0	158	158	260	260
304	314	211	211	269	269	157	163	264	264	261	261	254	257	261	270	182	186	270	270	157	157	225	225	310	310	152	152	260	260
299	309	211	211	269	269	160	163	264	264	264	264	254	257	261	270	180	184	267	267	160	160	225	225	296	300	152	152	248	248
299	309	205	205	265	269	160	163	264	264	264	264	254	260	261	270	182	182	267	267	160	160	225	225	296	300	152	152	260	260
304	314	205	211	265	265	160	163	264	264	261	261	254	257	261	270	180	180	267	267	160	160	225	225	296	300	158	182	257	257
299	309	205	211	265	269	160	163	264	264	264	264	254	254	261	270	180	180	267	267	160	160	225	225	296	300	152	182	257	257
304	314	205	205	265	269	160	163	264	264	264	264	254	254	261	270	182	182	267	267	160	160	225	225	296	310	158	182	257	257
299	309	205	211	265	269	160	163	264	264	264	264	254	254	261	270	180	180	267	267	160	160	225	225	296	300	152	182	257	257
304	314	205	211	261	269	160	163	264	264	264	264	254	254	0	0	182	182	267	267	163	163	225	225	296	310	152	176	260	260
304	314	205	211	265	265	157	163	264	264	264	264	254	254	0	0	182	182	267	267	160	160	225	225	0	0	152	176	260	260
299	309	217	217	265	265	160	163	264	264	264	264	254	254	261	261	178	178	267	267	157	157	225	225	300	300	158	176	257	257
299	309	205	205	265	265	160	163	264	264	264	264	254	254	261	261	180	180	267	267	160	160	225	225	300	300	158	176	260	260
304	314	217	217	265	265	160	163	264	264	264	264	254	254	261	270	178	178	267	267	157	157	225	225	300	300	158	176	257	257
299	309	217	217	265	265	157	163	264	264	261	261	254	254	0	0	178	178	267	267	160	160	225	225	300	300	158	176	260	260
299	309	217	217	265	265	160	163	264	264	264	264	254	254	261	261	180	180	267	267	157	157	225	225	300	300	158	176	257	260
299	309	205	205	265	265	160	163	264	264	264	264	254	254	261	261	178	178	267	267	163	163	225	225	300	300	158	176	257	257
299	309	205	217	265	265	160	163	264	264	264	264	254	254	261	261	178	178	267	267	157	157	225	225	300	300	158	176	257	257
299	309	205	217	265	265	160	163	264	264	264	264	254	254	261	261	180	180	267	267	157	157	225	225	300	300	158	176	257	257
299	309	217	217	265	265	160	166	264	264	264	264	254	254	261	261	178	180	267	267	157	157	225	225	300	300	158	176	257	257
299	309	205	205	265	265	160	163	264	264	264	264	254	254	261	261	180	180	267	267	160	160	225	225	300	300	158	176	257	257
299	309	205	205	265	265	160	163	264	264	264	264	254	254	261	261	180	180	264	264	157	157	225	225	300	300	0	0	254	254
299	309	205	205	265	265	157	163	264	264	264	264	254	254	261	261	178	178	267	267	157	157	225	225	300	300	158	176	257	257
299	309	205	205	265	265	160	163	264	264	264	264	254	254	261	261	178	178	264	264	157	157	225	225	300	300	158	176	257	257
299	299	217	217	265	265	160	163	264	264	264	264	254	254	0	0	180	180	267	267	157	157	225	225	300	300	158	176	257	257
299	309	205	205	265	265	160	163	264	264	264	264	254	254	261	270	178	178	267	267	160	160	225	225	300	300	158	176	260	260
299	309	217	217	265	265	160	163	264	264	264	264	254	254	264	264	178	178	264	264	157	157	225	225	300	300	158	176	257	257
299	309	217	217	265	265	160	163	264	264	264	264	254	254	261	270	178	178	267	267	157	157	225	225	0	0	158	176	257	260
314	324	211	211	265	265	160	163	264	264	264	267	260	260	261	270	180	180	267	267	160	160	225	225	306	306	158	158	260	263
314	324	211	211	265	265	160	163	264	264	267	270	263	263	261	270	180	180	267	267	160	160	225	225	306	306	158	164	257	263
309	319	205	211	265	265	160	163	264	264	264	264	260	260	261	270	178	178	267	267	160	160	225	225	300	306	158	164	260	260
314	324	205	211	265	265	160	163	264	264	267	267	263	263	261	270	178	178	267	267	160	160	225	225	300	306	158	164	260	263
309	319	211	211	265	269	160	163	267	267	264	264	260	260	261	261	178	178	267	267	160	160	225	225	300	300	158	158	260	263
309	319	211	211	265	265	160	163	270	270	267	267	260	260	264	264	178	178	267	267	157	157	225	225	300	306	158	164	260	263
309	319	211	211	269	273	160	160	267	267	267	267	260	260	261	270	178	178	267	267	160	160	225	225	300	304	158	158	263	263
309	319	211	211	265	265	160	163	270	270	267	267	260	260	261	270	176	176	264	264	157	157	225	225	300	300	158	158	263	263
309	319	211	217	265	265	160	163	270	270	267	267	260	260	261	270	180	180	267	267	160	160	225	225	300	300	158	164	260	260
309	319	211	211	265	265	160	163	264	264	267	267	260	260	261	270	178	178	267	267	160	160	225	225	300	306	158	158	257	263
309	319	211	211	265	265	160	163	270	270	267	267	260	260	261	270	180	180	267	267	160	160	225	225	300	304	158	158	263	263
309	319	211	211	265	265	160	163	264	264	267	267	260	260	261	270	178	178	267	267	160	160	225	225	300	304	158	158	260	263
309	319	211	211	269	269	160	163	264	264	267	267	260	260	261	270	180	180	264	264	157	157	225	225	0	0	158	158	260	263
309	319	211	217	265	265	160	163	264	270	264	267	260	260	261	261	180	180	267	267	160	160	225	225	300	300	158	158	260	263
314	324	211	211	265	269	160	163	0	0	267	267	260	260	261	261	180	180	267	267	160	160	225	225	300	300	158	158	257	263
309	319	211	211	265	265	160	163	267	267	264	264	263	269	261	261	178	178	270	270	157	157	225	225	300	306	158	164	260	260
309	319	211	211	265	265	160	163	264	264	267	267	260	260	261	270	182	182	267	267	160	160	225	225	300	300	158	158	257	263
309	319	211	211	265	265	160	163	264	264	267	267	260	260	261	270	178	178	270	270	157	157	225	225	300	306	158	164	260	263
309	319	211	211	265	265	160	163	264	264	267	267	260	260	261	270	0	0	267	267	157	157	225	225	300	300	158	158	257	263
314	319	211	211	265	265	160	163	264	264	267	267	260	260	261	270	180	180	267	267	157	157	225	225	300	306	158	158	257	263
314	324	211	211	265	273	160	163	264	264	261	261	251	251	261	270	180	180	264	264	157	157	231	231	294	294	182	194	257	260
314	324	211	211	265	273	160	163	264	264	261	261	251	251	261	270	178	178	264	264	160	160	231	231	294	294	182	194	257	263
314	324	211	211	265	273	157	163	264	264	261	261	251	251	261	270	176	176	267	267	157	157	231	231	294	294	182	194	260	263
314	324	211	211	265	273	160	163	264	264	261	261	251	251	261	270	180	180	264	264	157	160	231	231	294	294	182	194	257	260
314	324	211	211	265	273	160	163	264	264	261	261	251	251	261	270	178	178	264	264	157	157	231	231	294	294	182	194	257	260
314	324	211	211	265	273	160	163	264	264	261	261	251	251	261	270	178	178	264	264	157	157	231	231	294	294	182	194	257	263
314	324	211	211	265	273	160	163	264	264	261	261	251	251	261	270	178	178	264	264	157	157	231	231	294	294	182	194	260	263
314	324	211	211	265	273	160	163	264	264	261	261	251	251	261	270	178	178	264	264	160	160	231	231	294	294	182	194	257	260
