120.092	23.22
120.092	23.22
120.092	23.22
120.092	23.22
120.092	23.22
120.092	23.22
120.092	23.22
120.092	23.22
120.092	23.22
120.092	23.22
120.268	22.723
120.268	22.723
120.268	22.723
120.268	22.723
120.268	22.723
120.268	22.723
120.268	22.723
120.268	22.723
120.268	22.723
120.268	22.723
120.268	22.723
120.268	22.723
117.114	23.727
117.114	23.727
117.114	23.727
117.114	23.727
117.114	23.727
117.114	23.727
117.114	23.727
117.114	23.727
117.114	23.727
117.114	23.727
114.047	22.517
114.047	22.517
114.047	22.517
114.047	22.517
114.047	22.517
114.047	22.517
114.047	22.517
114.047	22.517
114.047	22.517
114.047	22.517
114.047	22.517
114.047	22.517
112.498	21.862
112.498	21.862
112.498	21.862
112.498	21.862
112.498	21.862
112.498	21.862
112.498	21.862
112.498	21.862
112.498	21.862
112.498	21.862
112.498	21.862
109.928	20.23
109.928	20.23
109.928	20.23
109.928	20.23
109.928	20.23
109.928	20.23
109.928	20.23
109.928	20.23
109.928	20.23
109.928	20.23
109.928	20.23
109.928	20.23
109.578	19.522
109.578	19.522
109.578	19.522
109.578	19.522
109.578	19.522
109.578	19.522
109.578	19.522
109.578	19.522
109.578	19.522
109.578	19.522
109.578	19.522
110.797	19.642
110.797	19.642
110.797	19.642
110.797	19.642
110.797	19.642
110.797	19.642
110.797	19.642
110.797	19.642
110.797	19.642
110.797	19.642
110.797	19.642
110.797	19.642
109.645	18.235
109.645	18.235
109.645	18.235
109.645	18.235
109.645	18.235
109.645	18.235
109.645	18.235
109.645	18.235
109.645	18.235
109.645	18.235
110.586	19.954
110.586	19.954
110.586	19.954
110.586	19.954
110.586	19.954
110.586	19.954
110.586	19.954
110.586	19.954
110.586	19.954
110.586	19.954
109.702	21.61
109.702	21.61
109.702	21.61
109.702	21.61
109.702	21.61
109.702	21.61
109.702	21.61
109.702	21.61
109.702	21.61
109.702	21.61
109.702	21.61
109.702	21.61
107.996	21.56
107.996	21.56
107.996	21.56
107.996	21.56
107.996	21.56
107.996	21.56
107.996	21.56
107.996	21.56
107.996	21.56
107.996	21.56
107.996	21.56
104.301	10.021
104.301	10.021
104.301	10.021
104.301	10.021
104.301	10.021
104.301	10.021
104.301	10.021
101.13	10.021
101.13	10.021
101.13	10.021
101.13	10.021
101.13	10.021
101.13	10.021
101.13	10.021
101.13	10.021
101.13	10.021
101.13	10.021
99.221	9.342
99.221	9.342
99.221	9.342
99.221	9.342
99.221	9.342
99.221	9.342
99.221	9.342
99.221	9.342
99.221	9.342
99.221	9.342
99.221	9.342
99.221	9.342
104.133	1.4
104.133	1.4
104.133	1.4
104.133	1.4
104.133	1.4
104.133	1.4
104.133	1.4
104.133	1.4
104.133	1.4
104.133	1.4
104.133	1.4
104.133	1.4
104.133	1.4
110.366	1.54
110.366	1.54
110.366	1.54
110.366	1.54
110.366	1.54
110.366	1.54
110.366	1.54
110.366	1.54
110.366	1.54
110.366	1.54
110.366	1.54
110.366	1.54
110.366	1.54
110.366	1.54
110.366	1.54
110.366	1.54
110.366	1.54
110.366	1.54
110.366	1.54
110.366	1.54
110.366	1.54
110.366	1.54
116.008	5.497
116.008	5.497
116.008	5.497
116.008	5.497
116.008	5.497
116.008	5.497
116.008	5.497
99.851	6.328
99.851	6.328
99.851	6.328
99.851	6.328
99.851	6.328
99.851	6.328
99.851	6.328
99.851	6.328
123.964	10.28
123.964	10.28
123.964	10.28
123.964	10.28
123.964	10.28
123.964	10.28
123.964	10.28
123.964	10.28
131.252	-0.871
131.252	-0.871
131.252	-0.871
131.252	-0.871
131.252	-0.871
131.252	-0.871
131.252	-0.871
131.252	-0.871
131.252	-0.871
131.252	-0.871
131.252	-0.871
131.252	-0.871
131.252	-0.871
131.252	-0.871
131.252	-0.871
103.5	1.25
103.5	1.25
103.5	1.25
103.5	1.25
103.5	1.25
103.5	1.25
103.5	1.25
103.5	1.25
103.5	1.25
103.5	1.25
101.366	3.478
101.366	3.478
101.366	3.478
101.366	3.478
101.366	3.478
101.366	3.478
101.366	3.478
100.733	4.033
100.733	4.033
100.733	4.033
100.733	4.033
100.733	4.033
100.733	4.033
100.733	4.033
100.733	4.033
100.317	5.384
100.317	5.384
100.317	5.384
100.317	5.384
100.317	5.384
100.317	5.384
100.317	5.384
100.317	5.384
100.317	5.384
100.317	5.384
100.317	5.384
100.317	5.384
99.812	6.387
99.812	6.387
99.812	6.387
99.812	6.387
99.812	6.387
99.812	6.387
99.812	6.387
99.812	6.387
99.812	6.387
99.812	6.387
99.812	6.387
98.612	9.951
98.612	9.951
98.612	9.951
98.612	9.951
98.612	9.951
98.612	9.951
98.612	9.951
98.612	9.951
98.612	9.951
98.612	9.951
98.612	9.951
101.7501	3.211
101.7501	3.211
101.7501	3.211
101.7501	3.211
101.7501	3.211
101.7501	3.211
101.7501	3.211
101.7501	3.211
101.7501	3.211
103.271	3.828
103.271	3.828
103.271	3.828
103.271	3.828
103.271	3.828
103.271	3.828
103.271	3.828
103.271	3.828
103.271	3.828
103.271	3.828
103.271	3.828
103.271	3.828
103.271	3.828
103.271	3.828
103.271	3.828
103.271	3.828
103.271	3.828
109.042	-7.642
109.042	-7.642
109.042	-7.642
109.042	-7.642
109.042	-7.642
109.042	-7.642
109.042	-7.642
109.042	-7.642
109.042	-7.642
109.042	-7.642
109.042	-7.642
109.042	-7.642
109.042	-7.642
109.042	-7.642
109.042	-7.642
109.042	-7.642
109.042	-7.642
109.042	-7.642
109.042	-7.642
109.042	-7.642
-158.28	21.574
-158.28	21.574
-158.28	21.574
-158.28	21.574
-158.28	21.574
-158.28	21.574
-158.28	21.574
-158.28	21.574
